Mean instantaneous idlenesses
8.33333
8.33333
8.33333
8.33333
8.33333
8.33333
8.33333
8.33333
8.33333
8.33333
8.33333
8.33333
8.33333
8.33333
8.33333
8.33333
8.33333
8.54200
9.56200
10.56234
11.56269
12.56276
13.56311
14.56345
15.56379
16.56413
17.56421
18.56455
19.56463
20.56786
21.68275
22.68310
23.68318
24.68797
25.68805
26.69049
27.69083
28.69117
29.69152
30.69160
31.69194
32.69202
33.69236
34.69270
35.69278
36.69312
37.82296
38.83169
39.83177
40.83211
41.83237
42.83253
43.83287
44.83295
45.83329
46.83337
47.83520
48.83537
49.83597
50.83579
51.83613
52.83647
53.83681
54.83663
55.83697
56.83731
57.83765
58.83800
59.84148
60.84183
61.84339
62.84356
63.84390
64.84424
65.84458
66.84440
67.84474
68.88073
69.88107
70.88089
71.88123
72.88157
73.88192
74.88226
75.88207
76.88242
77.88276
78.88310
79.88344
80.88326
81.88360
82.88394
83.98180
84.98214
85.98248
86.98282
87.98264
88.98298
89.98333
90.98367
91.98348
92.98383
93.98417
95.02435
96.05301
97.05335
98.08567
99.08654
100.08688
101.08722
102.08756
103.08790
104.08772
105.08806
106.08840
107.08875
108.08909
109.08890
110.08925
111.08959
112.09255
113.09289
114.09323
115.09357
116.09392
117.09740
118.11557
119.11591
120.11783
121.11817
122.11851
123.24049
124.24083
125.24484
126.29551
127.29690
128.29724
129.49000
130.49034
131.64482
132.64674
133.64708
134.64742
135.65038
136.65020
137.65054
138.65980
139.66695
140.66729
141.66816
142.66850
143.66884
144.66918
145.66953
146.67773
147.67807
148.67842
149.67823
150.67857
151.67892
152.67978
153.68012
154.76173
155.76155
156.76189
157.76223
158.76257
159.76291
160.76273
161.76464
162.76446
163.76480
164.76514
165.76549
166.76583
167.76564
168.76599
169.79988
170.80022
171.80056
172.82188
173.82222
174.82256
175.82238
176.82272
177.82306
178.82340
179.90763
180.90797
181.90779
182.90813
183.90847
184.91039
185.91125
187.07412
188.07394
189.07428
190.07462
191.07496
192.07531
193.07512
194.07546
195.07581
196.07615
197.07649
198.07631
199.07665
200.07699
201.07733
202.08082
203.13149
204.13183
205.13217
206.13199
207.13233
208.18772
209.18772
210.18788
211.18822
212.18857
213.18943
214.23748
215.24045
216.24079
217.24113
218.24095
219.24129
220.24163
221.24354
222.24389
223.31763
224.31797
225.36497
226.36479
227.36513
228.43206
229.43240
230.43274
231.46192
232.46173
233.46208
234.46242
235.46276
236.60571
237.60605
238.61058
239.61093
240.61127
241.61423
242.61457
243.61544
244.61525
245.61560
246.71450
247.73477
248.73511
249.73545
250.73579
251.73561
252.73805
253.73839
254.73821
255.73855
256.73889
257.78327
258.78361
259.78343
260.78377
261.78411
262.78446
263.82726
264.88895
265.88981
266.88963
267.88997
268.89031
269.89066
270.89100
271.89344
272.90951
273.91090
274.91124
275.91158
276.91192
277.91174
278.91208
279.91242
280.91276
281.91310
282.96849
283.96884
284.97442
285.97424
286.97458
287.97492
289.01983
290.34051
291.34085
292.34119
293.34101
294.34135
295.34169
296.50456
297.50490
298.50507
299.50506
300.50540
301.50575
302.50609
303.50590
304.55710
305.55744
306.55778
307.55760
308.55794
309.55829
310.55863
311.55844
312.55879
313.55913
314.55947
315.55981
316.56015
317.56259
318.56293
319.56327
320.56309
321.56343
322.56377
323.56411
324.56446
325.56427
326.56461
327.56496
328.56897
329.63747
330.63781
331.63815
332.63902
333.64565
334.64861
335.64895
336.64877
337.64911
338.64910
339.64927
340.70152
341.70133
342.70220
343.70202
344.70236
345.70270
346.70304
347.70286
348.76821
349.76855
350.77047
351.77343
352.77377
353.77411
354.77603
355.85187
356.85221
357.85255
358.85237
359.87735
360.87717
361.87751
362.87785
363.87819
364.87853
365.87835
366.87869
367.87903
368.87938
369.87972
370.87971
371.87988
372.88022
373.88370
374.88457
375.96198
376.96232
378.01090
379.01124
380.01158
381.01245
382.01331
383.01366
384.01400
385.01539
386.01573
387.01607
388.05206
389.05223
390.05275
392.00834
393.00868
394.00850
395.00884
396.01075
397.01110
398.01126
399.01126
400.01160
401.01194
402.01176
403.01210
404.01244
405.01488
406.01522
407.01504
408.01538
409.01834
410.01816
411.01850
412.01884
413.01866
414.01900
415.01934
416.01916
417.01950
418.01984
419.01966
420.02000
421.02034
422.02016
423.02050
424.02032
425.02066
426.04197
427.04231
428.04265
429.04300
430.04281
431.04315
432.04350
433.04331
434.04680
435.04714
436.04748
437.04783
438.09378
439.09412
440.09394
441.09428
442.09724
443.09863
444.09845
445.09932
446.09913
447.09947
448.09982
449.14577
450.14978
451.14960
452.14994
453.15133
454.15167
455.15568
456.15550
457.15584
458.15618
459.15653
460.16421
461.17032
462.17013
463.17047
464.17082
465.17116
466.17098
467.17132
468.17166
469.17200
470.17234
471.25185
472.25219
473.25253
474.25235
475.25269
476.25723
477.25704
478.25739
479.25773
480.25755
481.25789
482.25823
483.25805
484.25839
485.25873
486.38228
487.38262
488.38296
489.38278
490.38312
491.38346
492.38380
493.38362
494.38396
495.38430
496.38464
497.38446
498.38480
499.38514
500.38549
501.38530
502.38564
503.38599
504.38633
505.38667
506.38649
507.38683
508.39136
