Mean instantaneous idlenesses
8.33333
8.33333
8.33333
8.33333
8.33333
8.33333
8.33333
8.33333
8.33333
8.33333
8.33333
8.33333
8.33333
8.33333
8.33333
8.33333
8.33333
8.33333
8.33333
9.33333
10.33333
11.33333
12.33333
13.33333
14.33333
16.33333
17.33333
17.33333
18.33333
18.33333
19.33333
21.33333
22.33333
24.33333
24.33333
25.33333
26.33333
27.33333
27.33333
29.33333
29.33333
30.33333
31.33333
32.33333
32.33333
32.33333
33.33333
34.33333
35.33333
35.33333
36.33333
37.33333
38.33333
39.33333
39.33333
39.33333
41.33333
42.33333
43.33333
45.33333
45.33333
46.33333
47.33333
47.33333
48.33333
50.33333
51.33333
53.33333
53.33333
54.33333
55.33333
56.33333
57.33333
58.33333
59.33333
60.33333
60.33333
61.33333
63.33333
63.33333
64.33333
65.33333
65.33333
65.33333
67.33333
67.33333
67.33333
68.33333
70.33333
72.33333
73.33333
74.33333
76.33333
76.33333
77.33333
78.33333
78.33333
79.33333
80.33333
80.33333
81.33333
81.33333
82.33333
83.33333
85.33333
85.33333
87.33333
88.33333
89.33333
90.33333
90.33333
90.33333
90.33333
90.33333
90.33333
92.33333
93.33333
95.33333
95.33333
97.33333
98.33333
100.33333
101.33333
102.33333
103.33333
105.33333
106.33333
107.33333
107.33333
108.33333
108.33333
109.33333
109.33333
110.33333
112.33333
112.33333
113.33333
114.33333
114.33333
115.33333
117.33333
118.33333
120.33333
120.33333
121.33333
121.33333
122.33333
123.33333
124.33333
125.33333
127.33333
129.33333
130.33333
131.33333
131.33333
132.33333
134.33333
135.33333
135.33333
137.33333
138.33333
138.33333
139.33333
139.33333
141.33333
141.33333
142.33333
143.33333
143.33333
144.33333
145.33333
145.33333
146.33333
146.33333
148.33333
149.33333
150.33333
152.33333
153.33333
153.33333
154.33333
154.33333
155.33333
156.33333
157.33333
158.33333
158.33333
159.33333
160.33333
162.33333
163.33333
163.33333
164.33333
165.33333
166.33333
167.33333
168.33333
169.33333
171.33333
171.33333
172.33333
173.33333
173.33333
174.33333
175.33333
177.33333
178.33333
179.33333
180.33333
180.33333
181.33333
181.33333
181.33333
182.33333
184.33333
185.33333
186.33333
187.33333
188.33333
189.33333
189.33333
190.33333
190.33333
192.33333
192.33333
194.33333
194.33333
196.33333
197.33333
200.33333
201.33333
202.33333
203.33333
204.33333
206.33333
206.33333
206.33333
207.33333
207.33333
208.33333
209.33333
210.33333
211.33333
212.33333
213.33333
215.33333
216.33333
217.33333
219.33333
220.33333
222.33333
223.33333
224.33333
224.33333
226.33333
227.33333
228.33333
228.33333
228.33333
230.33333
231.33333
233.33333
235.33333
236.33333
238.33333
240.33333
241.33333
242.33333
244.33333
246.33333
248.33333
249.33333
250.33333
251.33333
252.33333
254.33333
254.33333
254.33333
255.33333
257.33333
258.33333
259.33333
260.33333
261.33333
262.33333
263.33333
264.33333
265.33333
265.33333
266.33333
267.33333
269.33333
270.33333
271.33333
272.33333
274.33333
274.33333
276.33333
277.33333
278.33333
279.33333
280.33333
281.33333
281.33333
283.33333
283.33333
284.33333
284.33333
285.33333
287.33333
287.33333
288.33333
288.33333
290.33333
291.33333
292.33333
294.33333
295.33333
296.33333
298.33333
299.33333
300.33333
302.33333
303.33333
304.33333
304.33333
304.33333
304.33333
304.33333
305.33333
306.33333
307.33333
307.33333
308.33333
309.33333
310.33333
311.33333
312.33333
313.33333
313.33333
313.33333
314.33333
315.33333
316.33333
318.33333
319.33333
321.33333
322.33333
323.33333
325.33333
325.33333
326.33333
326.33333
327.33333
328.33333
329.33333
329.33333
331.33333
332.33333
333.33333
334.33333
335.33333
336.33333
337.33333
337.33333
337.33333
337.33333
338.33333
338.33333
338.33333
338.33333
340.33333
340.33333
341.33333
342.33333
343.33333
344.33333
345.33333
347.33333
348.33333
350.33333
352.33333
353.33333
353.33333
354.33333
355.33333
357.33333
358.33333
359.33333
361.33333
362.33333
362.33333
363.33333
363.33333
364.33333
365.33333
367.33333
367.33333
369.33333
371.33333
371.33333
373.33333
373.33333
373.33333
375.33333
375.33333
375.33333
377.33333
378.33333
379.33333
380.33333
381.33333
383.33333
383.33333
384.33333
385.33333
386.33333
387.33333
390.33333
390.33333
391.33333
392.33333
393.33333
395.33333
395.33333
396.33333
397.33333
398.33333
400.33333
401.33333
401.33333
402.33333
402.33333
403.33333
405.33333
407.33333
408.33333
409.33333
410.33333
410.33333
411.33333
412.33333
413.33333
414.33333
414.33333
416.33333
418.33333
419.33333
420.33333
421.33333
421.33333
422.33333
422.33333
423.33333
423.33333
424.33333
424.33333
425.33333
425.33333
425.33333
426.33333
428.33333
428.33333
428.33333
430.33333
430.33333
431.33333
431.33333
433.33333
434.33333
435.33333
435.33333
435.33333
436.33333
437.33333
439.33333
440.33333
441.33333
442.33333
443.33333
444.33333
445.33333
445.33333
445.33333
446.33333
446.33333
446.33333
447.33333
447.33333
447.33333
448.33333
448.33333
450.33333
450.33333
451.33333
452.33333
452.33333
453.33333
453.33333
454.33333
455.33333
456.33333
457.33333
457.33333
458.33333
460.33333
460.33333
460.33333
461.33333
463.33333
464.33333
465.33333
465.33333
466.33333
467.33333
468.33333
469.33333
470.33333
471.33333
472.33333
473.33333
474.33333
475.33333
477.33333
477.33333
478.33333
478.33333
480.33333
481.33333
482.33333
483.33333
483.33333
483.33333
484.33333
486.33333
487.33333
488.33333
489.33333
490.33333
491.33333
492.33333
494.33333
494.33333
495.33333
495.33333
495.33333
495.33333
497.33333
498.33333
498.33333
500.33333
501.33333
501.33333
502.33333
503.33333
504.33333
504.33333
505.33333
505.33333
506.33333
506.33333
506.33333
506.33333
506.33333
507.33333
