Max instantaneous idlenesses
17.00000
17.00000
17.00000
17.00000
17.00000
17.00000
17.00000
17.00000
17.00000
17.00000
17.00000
17.00000
17.00000
17.00000
17.00000
17.00000
17.00000
17.89653
18.89687
19.89722
20.91433
21.91468
22.91502
23.94865
24.94873
25.94907
26.94941
27.94949
28.94983
29.95018
30.96572
31.96606
32.96640
33.96648
34.96683
35.96717
36.96751
37.96759
38.96793
39.96827
40.96835
41.96869
43.02644
44.02678
45.02686
46.05840
47.05848
48.05882
49.05890
50.09096
51.09130
52.09138
53.09172
54.09180
55.09214
56.09222
57.09257
58.09264
59.09299
60.09333
61.09367
62.09349
63.09383
64.09417
65.09451
66.09485
67.09677
68.09658
69.09693
70.09727
71.09761
72.10057
73.15334
74.15368
75.15402
76.15961
77.15995
78.16029
79.16063
80.16045
81.16079
82.21042
83.21076
84.21372
85.21511
86.28990
87.29024
88.30055
89.30089
90.30071
91.30105
92.33442
93.33476
94.33563
95.33597
96.33578
97.33613
98.33647
99.33681
100.33872
101.33906
102.33941
103.33922
104.33957
105.60572
106.75234
107.75373
108.75355
109.75389
110.75423
111.75457
112.75491
113.75525
114.75507
115.75541
116.75575
117.75609
118.75644
119.75625
120.75974
121.75956
122.75990
123.76024
124.76058
125.76407
126.78224
127.78258
128.78502
129.78483
130.78518
131.90715
132.90749
133.91151
134.96218
135.96357
136.96391
138.15719
139.15701
140.31149
141.31393
142.31427
143.31409
144.31653
145.31687
146.31721
147.31703
148.31737
149.31771
150.31805
151.32049
152.32083
153.32117
154.32309
155.32343
156.32377
157.32411
158.32445
159.32427
160.32461
161.32495
162.32529
163.32564
164.37316
165.37350
166.37385
167.37419
168.37400
169.38326
170.38360
171.39705
172.39739
173.39721
174.39755
175.39789
176.39823
177.39805
178.39839
179.39873
180.39907
181.39942
182.40185
183.40220
184.40254
185.40288
186.40270
187.40304
188.40338
189.51225
190.51259
191.51241
192.56570
193.56657
194.56691
195.74079
196.74113
197.74147
198.74129
199.74373
200.74355
201.74389
202.74370
203.74405
204.74439
205.74420
206.74455
207.74489
208.74470
209.74505
210.74696
211.79816
212.79850
213.79884
214.79918
215.79952
216.84758
217.84739
218.84931
219.84965
220.84999
221.84981
222.85067
223.85364
224.85345
225.85379
226.85414
227.85762
228.85744
229.85778
230.85812
231.87157
232.87191
233.87226
234.87574
235.89024
236.89058
237.89040
238.89336
239.89370
240.89404
241.89439
242.89473
243.89454
244.89489
245.89523
246.89557
247.89591
248.89573
249.89607
250.89746
251.89780
252.90234
253.90268
254.91351
255.91490
256.93306
257.93340
258.93375
259.93356
260.93653
261.93687
262.93669
263.93703
264.93737
265.93771
266.94015
267.93997
268.96967
269.96948
270.97350
271.97331
272.97365
273.97400
274.97434
275.97625
276.97659
277.97693
278.97675
279.97919
280.97953
281.97935
282.97969
283.98213
284.98195
285.98229
286.98263
287.98297
288.98331
289.98365
290.98347
291.98381
292.98415
293.98450
294.98431
295.98465
296.98971
297.99006
299.00718
300.00752
301.00733
302.00768
303.00802
304.00836
305.17123
306.17157
307.17191
308.17225
309.17207
310.17241
311.17275
312.17310
313.22377
314.22411
315.22393
316.22427
317.22461
318.22495
319.22529
320.22511
321.22545
322.22579
323.22614
324.22648
325.22629
326.22926
327.22960
328.22942
329.22976
330.23010
331.23044
332.23026
333.23060
334.23094
335.23128
336.23162
337.23511
338.30413
339.30448
340.30482
341.30726
342.31232
343.31213
344.31247
345.31282
346.31316
347.31297
348.31332
349.37080
350.37115
351.37149
352.37130
353.37165
354.37199
355.37181
356.37215
357.43488
358.43784
359.43818
360.44062
361.44096
362.44130
363.44112
364.51906
365.51888
366.51922
367.51956
368.54402
369.54383
370.54418
371.54452
372.54486
373.54520
374.54502
375.54536
376.54570
377.54604
378.54586
379.54620
380.54654
381.54688
382.54723
383.54704
384.54738
385.54773
386.54807
387.54788
388.54823
389.54857
390.59505
391.59539
392.59573
393.59607
394.59589
395.59623
396.59657
397.60845
398.60826
400.67501
401.67535
402.67569
403.67603
404.67742
405.67776
406.67810
407.67845
408.67826
409.67860
410.67895
411.67876
412.67911
413.67945
414.67926
415.67961
416.67995
417.68029
418.68011
419.68045
420.68079
421.68113
422.68147
423.68129
424.68163
425.68197
426.68231
427.68265
428.68300
429.68334
430.68368
431.68350
432.68384
433.68418
434.70916
435.70898
436.70932
437.70966
438.70948
439.70982
440.71016
441.71050
442.71347
443.71381
444.71415
445.71449
446.75992
447.76026
448.76061
449.76095
450.76391
451.76478
452.76512
453.76546
454.76580
455.76614
456.76596
457.76630
458.76664
459.76698
460.76680
461.76714
462.76748
463.76782
464.76817
465.76798
466.86846
467.86881
468.86915
469.86896
470.86931
471.95091
472.95125
473.95107
475.03110
476.03145
477.03179
478.03213
479.03195
480.03229
481.03263
482.03297
483.07945
484.07979
485.08013
486.08047
487.08082
488.08063
489.08097
490.08132
491.08113
492.08147
493.08182
494.08216
495.08250
496.08232
497.08528
498.08562
499.08544
500.08578
501.08612
502.09223
503.09257
504.09501
505.09535
506.09569
507.09603
508.09638
509.15649
510.15683
511.15717
512.15908
513.15942
514.15924
515.15958
516.15992
517.16027
