Mean instantaneous idlenesses
8.33333
8.33333
8.33333
8.33333
8.33333
8.56192
12.56224
16.57199
20.58175
24.58207
28.59182
32.59214
36.59351
40.59487
44.60253
48.60285
52.61260
56.63179
60.63316
64.65340
68.67259
72.67291
76.68161
80.68822
84.68854
88.68991
92.69861
96.69893
100.70030
104.71215
108.71351
112.71488
116.71625
120.73229
124.75253
128.75285
132.75422
136.75453
140.75485
144.75517
148.75653
152.75685
156.75822
160.77636
164.77668
168.80216
172.81296
176.83216
180.83247
184.83594
188.83835
192.84181
196.85262
200.86237
204.87213
208.88188
212.88325
216.90244
220.90276
224.91251
228.92227
232.92258
236.92290
240.94209
244.95185
248.95741
252.96192
256.98216
260.98248
264.99223
269.00199
273.00230
277.00262
281.00399
285.00431
289.00567
293.00599
297.00945
301.01921
305.02162
