Mean idlenesses
0.00000
0.00000
0.00000
0.00000
0.00000
0.00000
0.00000
0.00000
0.00000
0.00000
0.00000
0.00000
0.00000
0.00000
0.00000
0.00000
4.16667
5.55556
6.25000
6.66667
6.94444
7.14286
7.29167
7.40741
7.50000
7.57576
7.63889
7.69231
7.73810
7.77778
7.81250
7.84314
7.87037
7.89474
7.91667
7.93651
7.95455
7.97101
7.98611
8.00000
8.01282
8.02469
8.03571
8.04598
8.05556
8.06452
8.07292
8.08081
8.08824
8.09524
8.10185
8.10811
8.11404
8.11966
8.12500
8.13008
8.13492
8.13953
8.14394
8.14815
8.15217
8.15603
8.15972
8.16327
8.16667
8.16993
8.17308
8.17610
8.17901
8.18182
8.18452
8.18713
8.18966
8.19209
8.19444
8.19672
8.19892
8.20106
8.20312
8.20513
8.20707
8.20896
8.21078
8.21256
8.21429
8.21596
8.21759
8.21918
8.22072
8.22222
8.22368
8.22511
8.22650
8.22785
8.22917
8.23045
8.23171
8.23293
8.23413
8.23529
8.23643
8.23755
8.23864
8.23970
8.24074
8.24176
8.24275
8.24373
8.24468
8.24561
8.24653
8.24742
8.24830
8.24916
8.25000
8.25083
8.25163
8.25243
8.25321
8.25397
8.25472
8.25545
8.25617
8.25688
8.25758
8.25826
8.25893
8.25959
8.26023
8.26087
8.26149
8.26211
8.26271
8.26331
8.26389
8.26446
8.26503
8.26558
8.26613
8.26667
8.26720
8.26772
8.26823
8.26873
8.26923
8.26972
8.27020
8.27068
8.27114
8.27160
8.27206
8.27251
8.27295
8.27338
8.27381
8.27423
8.27465
8.27506
8.27546
8.27586
8.27626
8.27664
8.27703
8.27740
8.27778
8.27815
8.27851
8.27887
8.27922
8.27957
8.27991
8.28025
8.28059
8.28092
8.28125
8.28157
8.28189
8.28221
8.28252
8.28283
8.28313
8.28343
8.28373
8.28402
8.28431
8.28460
8.28488
8.28516
8.28544
8.28571
8.28598
8.28625
8.28652
8.28678
8.28704
8.28729
8.28755
8.28780
8.28804
8.28829
8.28853
8.28877
8.28901
8.28924
8.28947
8.28970
8.28993
8.29016
8.29038
8.29060
8.29082
8.29103
8.29125
8.29146
8.29167
8.29187
8.29208
8.29228
8.29248
8.29268
8.29288
8.29308
8.29327
8.29346
8.29365
8.29384
8.29403
8.29421
8.29439
8.29457
8.29475
8.29493
8.29511
8.29528
8.29545
8.29563
8.29580
8.29596
8.29613
8.29630
8.29646
8.29662
8.29678
8.29694
8.29710
8.29726
8.29741
8.29757
8.29772
8.29787
8.29802
8.29817
8.29832
8.29847
8.29861
8.29876
8.29890
8.29904
8.29918
8.29932
8.29946
8.29960
8.29973
8.29987
8.30000
8.30013
8.30026
8.30040
8.30052
8.30065
8.30078
8.30091
8.30103
8.30116
8.30128
8.30140
8.30153
8.30165
8.30177
8.30189
8.30201
8.30212
8.30224
8.30235
8.30247
8.30258
8.30270
8.30281
8.30292
8.30303
8.30314
8.30325
8.30336
8.30346
8.30357
8.30368
8.30378
8.30389
8.30399
8.30409
8.30420
8.30430
8.30440
8.30450
8.30460
8.30470
8.30479
8.30489
8.30499
8.30508
8.30518
8.30527
8.30537
8.30546
8.30556
8.30565
8.30574
8.30583
8.30592
8.30601
8.30610
8.30619
8.30628
8.30636
8.30645
8.30654
8.30662
8.30671
8.30679
8.30688
8.30696
8.30705
8.30713
8.30721
8.30729
8.30737
8.30745
8.30753
8.30761
8.30769
8.30777
8.30785
8.30793
8.30800
8.30808
8.30816
8.30823
8.30831
8.30838
8.30846
8.30853
8.30861
8.30868
8.30875
8.30882
8.30890
8.30897
8.30904
8.30911
8.30918
8.30925
8.30932
8.30939
8.30946
8.30952
8.30959
8.30966
8.30973
8.30979
8.30986
8.30993
8.30999
8.31006
8.31012
8.31019
8.31025
8.31031
8.31038
8.31044
8.31050
8.31056
8.31063
8.31069
8.31075
8.31081
8.31087
8.31093
8.31099
8.31105
8.31111
8.31117
8.31123
8.31129
8.31135
8.31140
8.31146
8.31152
8.31158
8.31163
8.31169
8.31174
8.31180
8.31186
8.31191
8.31197
8.31202
8.31207
8.31213
8.31218
8.31224
8.31229
8.31234
8.31240
8.31245
8.31250
8.31255
8.31260
8.31266
8.31271
8.31276
8.31281
8.31286
8.31291
8.31296
8.31301
8.31306
8.31311
8.31316
8.31320
8.31325
8.31330
8.31335
8.31340
8.31344
8.31349
8.31354
8.31359
8.31363
8.31368
8.31373
8.31377
8.31382
8.31386
8.31391
8.31395
8.31400
8.31404
8.31409
8.31413
8.31418
8.31422
8.31426
8.31431
8.31435
8.31439
8.31444
8.31448
8.31452
8.31456
8.31461
8.31465
8.31469
8.31473
8.31477
