Mean instantaneous idlenesses
8.33333
8.33333
8.33333
8.33333
8.33333
8.33333
8.33333
8.33333
8.33333
8.33333
8.33333
8.33333
8.33333
8.33333
8.33333
8.33333
8.33333
8.33333
8.33333
8.33333
8.33333
8.33333
8.33333
8.33333
8.33333
8.33333
8.33333
8.33333
8.33333
8.33333
8.33333
8.33333
8.33333
8.33333
8.33333
8.33333
8.33333
8.33333
8.33333
8.33333
8.33333
8.33333
8.33333
8.33333
8.33333
8.33333
8.33333
8.33333
8.33333
8.33333
8.33333
8.33333
8.33333
8.33333
8.33333
8.33333
8.33333
8.33333
8.33333
8.33333
8.33333
8.33333
8.33333
8.33333
8.33333
8.33333
8.33333
8.33333
8.33333
8.33333
8.33333
8.33333
8.33333
8.33333
8.33333
8.33333
8.33333
8.33333
8.33333
8.33333
8.33333
8.33333
8.33333
8.33333
8.33333
8.33333
8.33333
8.33333
8.33333
8.33333
8.33333
8.33333
8.33333
8.33333
8.33333
8.33333
8.33333
8.33333
